   273.3300       565.2710       23.68800       2.032000    
   477.9430       820.2580       22.43350       2.194000    
   4334.512       1168.339       20.93690       1.995000    
   4902.957       1158.371       21.58470       2.170000    
   1015.965       1282.050       20.06260       2.173000    
   6291.099       1332.552       20.22770       2.085000    
   5392.296       1315.830       21.35310       2.021000    
   2512.517       1302.251       22.70560       1.946000    
   1342.005       1664.911       22.11750       2.028000    
   3434.939       2000.024       22.42640       1.994000    
   4698.247       2219.812       22.00890       2.129000    
   1047.168       2412.755       21.52760       1.986000    
   1216.488       2593.039       22.36480       2.099000    
   4776.731       2796.250       21.69150       2.058000    
   6424.517       3132.801       23.43160       2.074000    
   5250.578       3833.656       19.99000       2.110000    
   4188.078       3888.523       23.24130       2.042000    
   6028.293       3935.053       23.47350       2.091000    
   1733.508       4056.387       20.93010       2.145000    
   6403.393       4115.990       22.09770       2.100000    
   4142.407       4601.929       22.76440       2.001000    
   2559.743       4709.821       21.01880       2.173000    
   5522.203       5131.276       22.44580       2.049000    
   5435.494       5458.308       21.45630       2.029000    
   358.1520       5471.961       22.91160       2.125000    
   478.1940       5743.689       23.37770       2.047000    
   1086.100       5930.699       21.89360       2.079000    
   2447.732       6373.938       23.98010       1.989000    
   2552.224       6453.031       22.39500       1.944000    
   4205.095       2166.976       24.88340       1.941000    
   655.4400       2699.212       25.12490       1.906000    
   6622.519       3162.921       25.49520       2.173000    
   5254.849       3533.072       25.35820       2.080000    
   4364.121       3971.034       25.25940       1.960000    
   4682.586       4282.091       24.74010       1.959000    
   1036.485       4465.603       24.36300       2.059000    
   1135.485       4831.756       24.21400       1.953000    
   3543.867       5711.469       25.05660       1.956000    
   5610.872       5889.817       25.06940       2.001000    
   6892.547       5954.149       25.39160       2.158000    
   1430.292       6256.335       25.12060       1.964000    
   5357.573       6534.042       25.39350       2.136000    
   3249.406       6590.092       25.34500       1.884000    
